0.00400916 0.894297 -0.447455
0.896318 -0.00359076 -0.443398
-0.921242 0.0941448 -0.377427
-0.43286 -0.560501 -0.706025
-0.0402505 -0.992346 0.116742
0.00389172 -0.367897 -0.929858
0.647501 -0.471788 -0.598464
0.149271 -0.988515 0.0236029
-0.0940973 -0.366069 -0.925818
0.00416865 0.872291 -0.48897
0.0045406 0.845912 -0.533303
0.956897 -0.130754 -0.259328
-0.979423 -0.143197 -0.142213
-0.887256 -0.0511722 -0.45843
0.0752112 -0.911562 -0.404225
0.277238 -0.909688 -0.309203
0.48368 -0.836953 -0.256053
0.3915 0.203903 0.897302
0.887316 -0.054967 -0.457874
-0.150111 -0.897114 -0.415515
-0.444548 -0.866288 -0.227864
-0.536915 -0.778488 -0.325084
-0.444208 0.364651 0.818357
-0.0208506 0.993265 -0.113971
