-0.309215 0.939341 -0.148405
0.514346 0.235285 -0.824675
-0.996291 -0.0859299 -0.00443742
-0.915123 -0.400804 -0.0436713
0.363326 -0.924668 0.113948
-0.490935 -0.830555 0.262983
-0.579196 -0.192051 -0.792243
0.257007 -0.953354 -0.158315
-0.573695 -0.300133 -0.762099
-0.316857 0.928508 -0.193583
-0.320195 0.916667 -0.239157
0.416827 -0.60024 -0.682618
-0.660461 -0.419899 0.622476
-0.979419 0.124732 -0.158683
-0.928922 0.285111 -0.236254
-0.921323 0.181441 -0.343865
-0.957273 0.250043 -0.14528
-0.158434 -0.217177 -0.963189
-0.90321 0.181531 -0.38892
-0.966186 0.216101 -0.140657
-0.972225 0.232926 -0.022875
-0.946207 0.310298 -0.0916959
-0.409866 -0.262284 0.873623
-0.531262 0.775644 0.340788
