0.0384265 0.917022 -0.396981
0.952057 0.00515751 -0.305877
-0.862732 0.038138 -0.504222
-0.185278 -0.79385 -0.579201
0.0532396 -0.984638 0.166294
0.154904 -0.397605 -0.904386
0.216488 -0.852284 -0.476178
-0.0278813 -0.999337 0.0234226
-0.0536289 -0.401972 -0.91408
0.0377265 0.897933 -0.438511
0.037391 0.875076 -0.482539
0.969721 -0.221134 0.103641
-0.939289 -0.217438 -0.265437
-0.564394 -0.622051 -0.542689
-0.273527 -0.393641 -0.877627
-0.218864 -0.486222 -0.845983
-0.0776499 -0.599174 -0.796844
-0.659419 -0.673482 -0.334049
0.624452 -0.781016 0.00857439
0.599746 -0.422201 -0.679743
0.57913 -0.319442 -0.750043
0.560999 -0.419144 -0.713862
-0.382468 -0.0238131 -0.923662
0.217754 0.947977 -0.232214
