-0.951492 -0.0227859 -0.306828
-0.0265922 0.782766 -0.621748
-0.261137 -0.951802 -0.160871
-0.305057 -0.947448 -0.0963463
-0.025537 -0.98353 -0.17893
0.500546 -0.348439 0.792492
-0.257386 -0.733477 -0.629098
0.0447593 -0.967968 -0.247054
0.0678182 -0.579389 -0.812225
-0.939745 -0.00876597 -0.341765
-0.923718 -0.00832022 -0.382984
0.574376 0.648467 -0.499582
0.264478 -0.712767 0.649627
-0.33184 -0.591599 -0.734774
-0.324277 -0.439881 -0.837466
-0.229341 -0.793536 -0.563652
-0.384979 -0.84135 -0.379371
-0.952841 0.15502 0.260888
-0.334062 -0.815803 -0.47209
-0.380642 -0.891498 -0.245648
-0.390837 -0.882486 -0.261658
-0.477654 -0.850818 -0.218987
-0.166258 0.73145 -0.661316
-0.865495 -0.166052 0.472594