-0.708132 0.703059 0.0652363
0.525542 0.525625 -0.668972
-0.78119 -0.59032 -0.203135
-0.1739 -0.67417 -0.717812
0.03607 -0.991513 -0.124901
-0.313955 -0.295162 -0.902392
0.490896 0.415206 -0.765914
0.433857 -0.878112 -0.201709
-0.662981 0.748622 -0.00446986
-0.705682 0.707798 0.032172
-0.704086 0.710069 -0.00805776
0.723061 0.359169 -0.590068
-0.581608 -0.754864 0.303172
-0.934508 -0.313588 0.168396
-0.982759 -0.133572 -0.127844
-0.994451 0.0935791 -0.0480574
-0.993626 0.0513284 -0.100359
-0.667874 0.330021 -0.667106
0.990245 -0.0405865 0.133295
0.948053 -0.310732 -0.0681181
0.872676 -0.487488 -0.0281428
0.891898 0.075069 0.445962
0.0656973 -0.697038 -0.714018
-0.833568 0.541091 0.111285