0.0143463 0.999081 0.0403974
0.92652 0.117449 -0.357445
-0.927658 0.144294 -0.344427
-0.429525 0.156537 -0.889384
-0.00750482 -0.998948 -0.0452316
-0.047995 0.566269 -0.822822
0.40561 0.189362 -0.894216
-0.361809 -0.84945 -0.384095
-0.436557 0.852279 0.288165
0.0165287 0.999862 -0.00178905
0.0174734 0.998722 -0.0474231
0.919164 -0.358071 -0.164082
-0.961013 -0.267314 -0.0706898
-0.380354 -0.922493 -0.0658574
-0.470433 0.7134 -0.519378
-0.531358 0.731556 -0.427183
-0.727312 0.608202 -0.317976
0.42908 0.640141 0.637268
0.466756 -0.882729 -0.0541186
0.445145 0.655605 -0.609942
0.439966 0.772539 -0.457836
0.614763 0.55827 -0.557137
0.867815 -0.427596 0.253098
-0.0683243 0.996692 -0.0440048