-0.952246 0.271005 -0.140658
0.198582 0.892579 -0.404807
-0.261598 -0.736352 -0.623982
0.929467 0.257666 -0.264007
0.870723 -0.187071 0.454803
-0.0510449 -0.201701 -0.978116
0.988134 -0.130644 0.0807663
0.977868 -0.022505 0.20801
0.693586 -0.56769 -0.443471
-0.939576 0.287584 -0.18572
-0.932982 0.28246 -0.22307
-0.0885362 0.369733 0.92491
-0.147141 -0.843192 0.517085
0.406828 0.0273903 -0.913094
-0.635321 -0.110787 0.76426
-0.864407 0.482846 0.140211
-0.846495 0.386841 0.365787
-0.593772 0.321431 -0.737643
0.258547 -0.630477 -0.731883
-0.582111 -0.762328 0.282846
-0.836968 0.267294 -0.477533
-0.841005 0.44756 -0.303976
0.272729 -0.0733955 -0.959287
-0.950589 0.28363 0.126234
