-0.678579 0.404675 -0.612999
0.426001 0.349331 -0.83456
-0.819555 -0.534898 0.205458
-0.639383 -0.703598 -0.310063
-0.727887 -0.654582 -0.20421
0.341824 0.056333 -0.938074
0.591209 -0.80646 0.00967812
0.394585 -0.902994 -0.170015
-0.576284 -0.371252 -0.728058
-0.647018 0.395685 -0.651767
-0.618066 0.372696 -0.692165
0.647075 -0.0802399 -0.758192
-0.650905 -0.70733 0.275694
-0.151933 -0.987448 0.0431592
-0.10693 -0.981618 -0.15809
0.147878 -0.962875 -0.22584
-0.346895 -0.937804 0.0137094
-0.709534 -0.689068 0.147468
0.078776 -0.987266 -0.138204
-0.293068 -0.955613 -0.0302569
-0.216617 -0.969612 0.113712
-0.366181 -0.930534 -0.00432296
-0.447921 0.880621 0.154508
-0.736681 0.633676 -0.236128