-0.0470667 0.996136 0.074141
0.883284 0.162214 -0.439882
-0.925487 0.0806575 -0.370091
-0.175602 -0.405991 -0.896847
0.497331 -0.801028 -0.33319
-0.459258 -0.314604 -0.830727
-0.0356228 -0.440726 -0.896935
-0.122618 -0.793761 -0.595741
-0.9516 0.30537 0.0347289
-0.0504203 0.997919 0.0401969
-0.0510931 0.99869 -0.0026887
0.893905 0.399262 -0.203773
-0.922384 0.385776 0.0195973
-0.0860503 0.993724 -0.0714712
0.148564 0.980703 0.127083
0.0436509 0.954481 0.295061
0.351322 0.935086 0.0467762
0.715455 -0.51715 0.469767
0.0940771 0.991979 -0.0844245
-0.0705399 0.982507 0.172348
-0.0840602 0.947594 0.30822
-0.0693577 0.957996 0.278267
-0.899852 -0.406686 0.157713
0.00894986 0.970243 0.241967
