-0.662469 0.561303 -0.496058
0.479485 0.817034 -0.320234
-0.539995 -0.666245 -0.514318
-0.655031 -0.700808 -0.282494
-0.324961 -0.934395 -0.145969
0.219947 -0.334981 -0.916194
0.448859 -0.883382 -0.134766
0.269837 -0.96267 -0.0213256
-0.578762 -0.805506 -0.127256
-0.646063 0.546065 -0.533305
-0.624707 0.525531 -0.577545
0.504736 0.834967 -0.219251
-0.298982 -0.937057 -0.180371
0.180086 -0.949234 0.25792
0.390186 -0.866183 0.31222
-0.157735 -0.977899 0.137235
-0.130278 -0.988655 0.0747594
0.820348 0.545936 0.170244
0.00537149 0.977178 0.212356
0.0708198 0.983534 0.166268
-0.00920894 0.990495 0.137243
0.0861965 0.996211 0.0116059
0.0755442 0.821282 -0.5655
-0.915778 0.208059 -0.343602