-0.309212 0.929999 0.198718
0.690678 0.597157 -0.407882
-0.706851 -0.243489 -0.664134
0.894021 0.374501 -0.245918
0.999767 0.0172226 -0.013001
-0.984108 -0.124922 -0.126196
0.886923 0.456669 -0.0694271
0.978118 -0.202556 0.0475046
-0.704134 -0.303906 -0.641745
-0.302077 0.939176 0.163397
-0.291534 0.948584 0.123274
0.414903 -0.278654 -0.866145
-0.279884 -0.736942 0.61529
0.218993 -0.162461 -0.962106
0.22169 -0.757043 -0.614605
-0.203708 -0.848734 0.48801
0.0490339 -0.613231 -0.78838
0.77693 -0.0701828 0.625663
-0.0480068 -0.886144 -0.460916
0.962676 -0.22015 0.157448
0.148556 0.62319 0.767832
0.733987 -0.0141266 0.679016
-0.591549 0.800248 0.098351
-0.251247 0.913543 0.319866