-0.763337 0.641172 -0.0788377
0.434961 0.663055 -0.609235
-0.543007 -0.754329 -0.36896
-0.139869 -0.988847 -0.0511707
0.131169 -0.98998 -0.0522992
-0.580288 -0.767635 -0.272034
0.870998 -0.334184 0.360117
0.938865 -0.343973 -0.0146452
-0.363131 -0.458052 -0.811372
-0.761711 0.637286 -0.116887
-0.757268 0.632716 -0.161912
0.683807 -0.452209 -0.572639
-0.191661 -0.943543 0.27017
-0.716693 0.15391 0.680194
0.503431 0.216247 -0.836537
0.125128 0.129045 -0.983712
0.946695 0.294442 -0.130662
0.744862 0.664351 0.0617925
-0.958467 -0.190102 -0.212606
-0.997953 -0.0551437 0.0323803
-0.966915 0.217157 0.133857
-0.983035 0.171674 0.06458
0.618756 -0.721959 0.309703
-0.884513 0.248127 0.395055
