-0.00851131 0.964161 0.265181
0.90595 0.0555934 -0.419719
-0.868783 -0.00741903 -0.495137
-0.169813 -0.969014 0.179377
-0.0996244 -0.790296 0.604572
-0.0195405 -0.0667252 -0.99758
0.152151 -0.521355 -0.839666
0.0771528 -0.938812 -0.335679
-0.0769936 -0.0523215 -0.995658
-0.00692447 0.97208 0.234547
-0.00974066 0.980597 0.195795
0.992014 0.121929 0.0322899
-0.999419 -0.0164887 0.0298207
-0.32368 0.906464 0.271207
0.0399285 0.94317 0.329902
-0.0020653 0.956167 0.292814
0.00557335 0.920185 0.391445
0.635202 0.504977 0.584394
0.327597 0.90989 0.25452
-0.00257296 0.912567 0.40892
0.0201195 0.96548 0.2597
-0.0167992 0.736976 0.67571
-0.565791 0.217876 0.795242
0.05217 0.948433 0.312656