-0.0158901 0.993113 0.11608
0.940173 -0.0210777 -0.340044
-0.856455 0.0219802 -0.515753
-0.205647 -0.939335 -0.274516
-0.126225 -0.991585 0.0287637
0.0625308 -0.102869 -0.992728
0.682281 -0.572198 -0.455062
0.0219194 -0.951355 0.307315
-0.0150972 -0.110894 -0.993717
-0.01713 0.996167 0.0857751
-0.0146301 0.998827 0.0461611
0.921613 -0.371482 -0.112387
-0.991471 -0.088382 -0.0957844
-0.914038 0.372313 0.160993
-0.684171 0.728545 0.0336418
-0.784992 0.612802 0.0908921
-0.542466 0.805052 0.240046
0.268213 0.861646 0.430845
0.525354 -0.847387 0.0770634
0.774373 -0.478701 -0.413754
0.718741 -0.316001 -0.619319
0.528963 -0.474243 -0.70377
0.274726 -0.786371 -0.553304
0.00749009 0.999969 0.00261536