-0.0353381 0.999108 -0.0231018
0.818799 0.0527005 -0.571656
-0.940363 -0.0451774 -0.337158
-0.49136 -0.831377 -0.259573
0.00575735 -0.987621 0.156754
0.627156 -0.778588 0.0218267
0.506831 -0.855777 0.10377
0.470352 -0.834946 0.285717
-0.0896232 -0.992647 0.0813573
-0.0285102 0.997835 -0.0592589
-0.0272282 0.994974 -0.0963579
0.890898 -0.311228 -0.330816
-0.920561 -0.0738286 0.383558
-0.882832 -0.134747 0.449944
-0.980506 0.126494 0.150357
-0.985901 0.0747886 0.149684
-0.995292 0.085498 0.0456466
0.401231 0.683789 -0.609464
0.991626 -0.0414388 -0.122312
0.918804 -0.0386297 -0.392819
0.834749 0.180963 -0.520045
0.930121 0.193561 -0.312103
0.112066 -0.305105 -0.945702
-0.484662 0.872976 -0.0549191