0.258522 0.931866 -0.254543
0.743733 -0.211423 -0.634162
-0.946333 0.299903 -0.120464
-0.330092 -0.943036 -0.0414916
-0.454642 -0.865891 0.208649
-0.219768 -0.209631 -0.952763
0.361147 -0.903861 -0.229364
0.11289 -0.988013 -0.105295
-0.391169 -0.122568 -0.912121
0.24955 0.92113 -0.298739
0.239899 0.906718 -0.346859
0.764796 -0.553895 -0.329071
-0.880101 0.378905 0.2861
-0.881411 0.38256 0.277061
-0.871787 0.489867 0.00424209
-0.853015 0.521111 0.0284292
-0.739219 0.609074 0.287375
-0.74787 -0.144448 -0.647939
0.202737 0.17996 -0.962555
-0.690092 0.72329 -0.024988
-0.488669 0.602296 0.631223
-0.616816 0.70549 0.34903
0.781585 0.493187 0.381957
0.139923 0.934109 -0.328423
